144     IN      1       :       0x000dea0000 - 0,0,0,0,0,0,0,0, 0,0,0,0,0,0,0,0, 0,0,0,0,0,0,0,0, 0,0,0,0,0,0,0,0, 0,0,0,0,1,1,0,1, 1,1,1,0,1,0,1,0, 0,0,0,0,0,0,0,0, 0,0,0,0,0,0,0,0,
144     IN      1       :       0x000df60000 - 0,0,0,0,0,0,0,0, 0,0,0,0,0,0,0,0, 0,0,0,0,0,0,0,0, 0,0,0,0,0,0,0,0, 0,0,0,0,1,1,0,1, 1,1,1,1,0,1,1,0, 0,0,0,0,0,0,0,0, 0,0,0,0,0,0,0,0,
144     IN      1       :       0x0010120000 - 0,0,0,0,0,0,0,0, 0,0,0,0,0,0,0,0, 0,0,0,0,0,0,0,0, 0,0,0,0,0,0,0,0, 0,0,0,1,0,0,0,0, 0,0,0,1,0,0,1,0, 0,0,0,0,0,0,0,0, 0,0,0,0,0,0,0,0,
144     IN      1       :       0x000e860000 - 0,0,0,0,0,0,0,0, 0,0,0,0,0,0,0,0, 0,0,0,0,0,0,0,0, 0,0,0,0,0,0,0,0, 0,0,0,0,1,1,1,0, 1,0,0,0,0,1,1,0, 0,0,0,0,0,0,0,0, 0,0,0,0,0,0,0,0,
144     IN      1       :       0x000e8e0000 - 0,0,0,0,0,0,0,0, 0,0,0,0,0,0,0,0, 0,0,0,0,0,0,0,0, 0,0,0,0,0,0,0,0, 0,0,0,0,1,1,1,0, 1,0,0,0,1,1,1,0, 0,0,0,0,0,0,0,0, 0,0,0,0,0,0,0,0,
144     IN      1       :       0x000e920000 - 0,0,0,0,0,0,0,0, 0,0,0,0,0,0,0,0, 0,0,0,0,0,0,0,0, 0,0,0,0,0,0,0,0, 0,0,0,0,1,1,1,0, 1,0,0,1,0,0,1,0, 0,0,0,0,0,0,0,0, 0,0,0,0,0,0,0,0,
143     IN      1       :       0x000d640000 - 0,0,0,0,0,0,0,0, 0,0,0,0,0,0,0,0, 0,0,0,0,0,0,0,0, 0,0,0,0,0,0,0,0, 0,0,0,0,1,1,0,1, 0,1,1,0,0,1,0,0, 0,0,0,0,0,0,0,0, 0,0,0,0,0,0,0,0,
144     IN      1       :       0x000d6a0000 - 0,0,0,0,0,0,0,0, 0,0,0,0,0,0,0,0, 0,0,0,0,0,0,0,0, 0,0,0,0,0,0,0,0, 0,0,0,0,1,1,0,1, 0,1,1,0,1,0,1,0, 0,0,0,0,0,0,0,0, 0,0,0,0,0,0,0,0,
144     IN      1       :       0x000d7e0000 - 0,0,0,0,0,0,0,0, 0,0,0,0,0,0,0,0, 0,0,0,0,0,0,0,0, 0,0,0,0,0,0,0,0, 0,0,0,0,1,1,0,1, 0,1,1,1,1,1,1,0, 0,0,0,0,0,0,0,0, 0,0,0,0,0,0,0,0,
146     IN      1       :       0x000e000000 - 0,0,0,0,0,0,0,0, 0,0,0,0,0,0,0,0, 0,0,0,0,0,0,0,0, 0,0,0,0,0,0,0,0, 0,0,0,0,1,1,1,0, 0,0,0,0,0,0,0,0, 0,0,0,0,0,0,0,0, 0,0,0,0,0,0,0,0,
144     IN      1       :       0x000e060000 - 0,0,0,0,0,0,0,0, 0,0,0,0,0,0,0,0, 0,0,0,0,0,0,0,0, 0,0,0,0,0,0,0,0, 0,0,0,0,1,1,1,0, 0,0,0,0,0,1,1,0, 0,0,0,0,0,0,0,0, 0,0,0,0,0,0,0,0,
144     IN      1       :       0x000e0e0000 - 0,0,0,0,0,0,0,0, 0,0,0,0,0,0,0,0, 0,0,0,0,0,0,0,0, 0,0,0,0,0,0,0,0, 0,0,0,0,1,1,1,0, 0,0,0,0,1,1,1,0, 0,0,0,0,0,0,0,0, 0,0,0,0,0,0,0,0,
144     IN      1       :       0x000e1a0000 - 0,0,0,0,0,0,0,0, 0,0,0,0,0,0,0,0, 0,0,0,0,0,0,0,0, 0,0,0,0,0,0,0,0, 0,0,0,0,1,1,1,0, 0,0,0,1,1,0,1,0, 0,0,0,0,0,0,0,0, 0,0,0,0,0,0,0,0,
146     IN      1       :       0x000afa0000 - 0,0,0,0,0,0,0,0, 0,0,0,0,0,0,0,0, 0,0,0,0,0,0,0,0, 0,0,0,0,0,0,0,0, 0,0,0,0,1,0,1,0, 1,1,1,1,1,0,1,0, 0,0,0,0,0,0,0,0, 0,0,0,0,0,0,0,0,
142     IN      1       :       0x000c220000 - 0,0,0,0,0,0,0,0, 0,0,0,0,0,0,0,0, 0,0,0,0,0,0,0,0, 0,0,0,0,0,0,0,0, 0,0,0,0,1,1,0,0, 0,0,1,0,0,0,1,0, 0,0,0,0,0,0,0,0, 0,0,0,0,0,0,0,0,
146     IN      1       :       0x000c240000 - 0,0,0,0,0,0,0,0, 0,0,0,0,0,0,0,0, 0,0,0,0,0,0,0,0, 0,0,0,0,0,0,0,0, 0,0,0,0,1,1,0,0, 0,0,1,0,0,1,0,0, 0,0,0,0,0,0,0,0, 0,0,0,0,0,0,0,0,
142     IN      1       :       0x000c2a0000 - 0,0,0,0,0,0,0,0, 0,0,0,0,0,0,0,0, 0,0,0,0,0,0,0,0, 0,0,0,0,0,0,0,0, 0,0,0,0,1,1,0,0, 0,0,1,0,1,0,1,0, 0,0,0,0,0,0,0,0, 0,0,0,0,0,0,0,0,
146     IN      1       :       0x000c2c0000 - 0,0,0,0,0,0,0,0, 0,0,0,0,0,0,0,0, 0,0,0,0,0,0,0,0, 0,0,0,0,0,0,0,0, 0,0,0,0,1,1,0,0, 0,0,1,0,1,1,0,0, 0,0,0,0,0,0,0,0, 0,0,0,0,0,0,0,0,
145     IN      1       :       0x000c360000 - 0,0,0,0,0,0,0,0, 0,0,0,0,0,0,0,0, 0,0,0,0,0,0,0,0, 0,0,0,0,0,0,0,0, 0,0,0,0,1,1,0,0, 0,0,1,1,0,1,1,0, 0,0,0,0,0,0,0,0, 0,0,0,0,0,0,0,0,
143     IN      1       :       0x000c380000 - 0,0,0,0,0,0,0,0, 0,0,0,0,0,0,0,0, 0,0,0,0,0,0,0,0, 0,0,0,0,0,0,0,0, 0,0,0,0,1,1,0,0, 0,0,1,1,1,0,0,0, 0,0,0,0,0,0,0,0, 0,0,0,0,0,0,0,0,
145     IN      1       :       0x000cac0000 - 0,0,0,0,0,0,0,0, 0,0,0,0,0,0,0,0, 0,0,0,0,0,0,0,0, 0,0,0,0,0,0,0,0, 0,0,0,0,1,1,0,0, 1,0,1,0,1,1,0,0, 0,0,0,0,0,0,0,0, 0,0,0,0,0,0,0,0,
145     IN      1       :       0x000cb60000 - 0,0,0,0,0,0,0,0, 0,0,0,0,0,0,0,0, 0,0,0,0,0,0,0,0, 0,0,0,0,0,0,0,0, 0,0,0,0,1,1,0,0, 1,0,1,1,0,1,1,0, 0,0,0,0,0,0,0,0, 0,0,0,0,0,0,0,0,
144     IN      1       :       0x000a4e0000 - 0,0,0,0,0,0,0,0, 0,0,0,0,0,0,0,0, 0,0,0,0,0,0,0,0, 0,0,0,0,0,0,0,0, 0,0,0,0,1,0,1,0, 0,1,0,0,1,1,1,0, 0,0,0,0,0,0,0,0, 0,0,0,0,0,0,0,0,
145     IN      1       :       0x0008800000 - 0,0,0,0,0,0,0,0, 0,0,0,0,0,0,0,0, 0,0,0,0,0,0,0,0, 0,0,0,0,0,0,0,0, 0,0,0,0,1,0,0,0, 1,0,0,0,0,0,0,0, 0,0,0,0,0,0,0,0, 0,0,0,0,0,0,0,0,
142     IN      1       :       0x0008860000 - 0,0,0,0,0,0,0,0, 0,0,0,0,0,0,0,0, 0,0,0,0,0,0,0,0, 0,0,0,0,0,0,0,0, 0,0,0,0,1,0,0,0, 1,0,0,0,0,1,1,0, 0,0,0,0,0,0,0,0, 0,0,0,0,0,0,0,0,
143     IN      1       :       0x0008920000 - 0,0,0,0,0,0,0,0, 0,0,0,0,0,0,0,0, 0,0,0,0,0,0,0,0, 0,0,0,0,0,0,0,0, 0,0,0,0,1,0,0,0, 1,0,0,1,0,0,1,0, 0,0,0,0,0,0,0,0, 0,0,0,0,0,0,0,0,
144     IN      1       :       0x0008060000 - 0,0,0,0,0,0,0,0, 0,0,0,0,0,0,0,0, 0,0,0,0,0,0,0,0, 0,0,0,0,0,0,0,0, 0,0,0,0,1,0,0,0, 0,0,0,0,0,1,1,0, 0,0,0,0,0,0,0,0, 0,0,0,0,0,0,0,0,
144     IN      1       :       0x0008080000 - 0,0,0,0,0,0,0,0, 0,0,0,0,0,0,0,0, 0,0,0,0,0,0,0,0, 0,0,0,0,0,0,0,0, 0,0,0,0,1,0,0,0, 0,0,0,0,1,0,0,0, 0,0,0,0,0,0,0,0, 0,0,0,0,0,0,0,0,
142     IN      1       :       0x00080e0000 - 0,0,0,0,0,0,0,0, 0,0,0,0,0,0,0,0, 0,0,0,0,0,0,0,0, 0,0,0,0,0,0,0,0, 0,0,0,0,1,0,0,0, 0,0,0,0,1,1,1,0, 0,0,0,0,0,0,0,0, 0,0,0,0,0,0,0,0,
144     IN      1       :       0x00081c0000 - 0,0,0,0,0,0,0,0, 0,0,0,0,0,0,0,0, 0,0,0,0,0,0,0,0, 0,0,0,0,0,0,0,0, 0,0,0,0,1,0,0,0, 0,0,0,1,1,1,0,0, 0,0,0,0,0,0,0,0, 0,0,0,0,0,0,0,0,
144     IN      1       :       0x0004700000 - 0,0,0,0,0,0,0,0, 0,0,0,0,0,0,0,0, 0,0,0,0,0,0,0,0, 0,0,0,0,0,0,0,0, 0,0,0,0,0,1,0,0, 0,1,1,1,0,0,0,0, 0,0,0,0,0,0,0,0, 0,0,0,0,0,0,0,0,
144     IN      1       :       0x0004780000 - 0,0,0,0,0,0,0,0, 0,0,0,0,0,0,0,0, 0,0,0,0,0,0,0,0, 0,0,0,0,0,0,0,0, 0,0,0,0,0,1,0,0, 0,1,1,1,1,0,0,0, 0,0,0,0,0,0,0,0, 0,0,0,0,0,0,0,0,
144     IN      1       :       0x0007c40000 - 0,0,0,0,0,0,0,0, 0,0,0,0,0,0,0,0, 0,0,0,0,0,0,0,0, 0,0,0,0,0,0,0,0, 0,0,0,0,0,1,1,1, 1,1,0,0,0,1,0,0, 0,0,0,0,0,0,0,0, 0,0,0,0,0,0,0,0,
144     IN      1       :       0x0007d00000 - 0,0,0,0,0,0,0,0, 0,0,0,0,0,0,0,0, 0,0,0,0,0,0,0,0, 0,0,0,0,0,0,0,0, 0,0,0,0,0,1,1,1, 1,1,0,1,0,0,0,0, 0,0,0,0,0,0,0,0, 0,0,0,0,0,0,0,0,
146     IN      1       :       0x0008420000 - 0,0,0,0,0,0,0,0, 0,0,0,0,0,0,0,0, 0,0,0,0,0,0,0,0, 0,0,0,0,0,0,0,0, 0,0,0,0,1,0,0,0, 0,1,0,0,0,0,1,0, 0,0,0,0,0,0,0,0, 0,0,0,0,0,0,0,0,
145     IN      1       :       0x0008440000 - 0,0,0,0,0,0,0,0, 0,0,0,0,0,0,0,0, 0,0,0,0,0,0,0,0, 0,0,0,0,0,0,0,0, 0,0,0,0,1,0,0,0, 0,1,0,0,0,1,0,0, 0,0,0,0,0,0,0,0, 0,0,0,0,0,0,0,0,
142     IN      1       :       0x00084c0000 - 0,0,0,0,0,0,0,0, 0,0,0,0,0,0,0,0, 0,0,0,0,0,0,0,0, 0,0,0,0,0,0,0,0, 0,0,0,0,1,0,0,0, 0,1,0,0,1,1,0,0, 0,0,0,0,0,0,0,0, 0,0,0,0,0,0,0,0,
145     IN      1       :       0x0008500000 - 0,0,0,0,0,0,0,0, 0,0,0,0,0,0,0,0, 0,0,0,0,0,0,0,0, 0,0,0,0,0,0,0,0, 0,0,0,0,1,0,0,0, 0,1,0,1,0,0,0,0, 0,0,0,0,0,0,0,0, 0,0,0,0,0,0,0,0,
146     IN      1       :       0x0008560000 - 0,0,0,0,0,0,0,0, 0,0,0,0,0,0,0,0, 0,0,0,0,0,0,0,0, 0,0,0,0,0,0,0,0, 0,0,0,0,1,0,0,0, 0,1,0,1,0,1,1,0, 0,0,0,0,0,0,0,0, 0,0,0,0,0,0,0,0,
144     IN      1       :       0x0003040000 - 0,0,0,0,0,0,0,0, 0,0,0,0,0,0,0,0, 0,0,0,0,0,0,0,0, 0,0,0,0,0,0,0,0, 0,0,0,0,0,0,1,1, 0,0,0,0,0,1,0,0, 0,0,0,0,0,0,0,0, 0,0,0,0,0,0,0,0,
145     IN      1       :       0x015e380000 - 0,0,0,0,0,0,0,0, 0,0,0,0,0,0,0,0, 0,0,0,0,0,0,0,0, 0,0,0,0,0,0,0,1, 0,1,0,1,1,1,1,0, 0,0,1,1,1,0,0,0, 0,0,0,0,0,0,0,0, 0,0,0,0,0,0,0,0,
142     IN      1       :       0x015e600000 - 0,0,0,0,0,0,0,0, 0,0,0,0,0,0,0,0, 0,0,0,0,0,0,0,0, 0,0,0,0,0,0,0,1, 0,1,0,1,1,1,1,0, 0,1,1,0,0,0,0,0, 0,0,0,0,0,0,0,0, 0,0,0,0,0,0,0,0,
145     IN      1       :       0x015e740000 - 0,0,0,0,0,0,0,0, 0,0,0,0,0,0,0,0, 0,0,0,0,0,0,0,0, 0,0,0,0,0,0,0,1, 0,1,0,1,1,1,1,0, 0,1,1,1,0,1,0,0, 0,0,0,0,0,0,0,0, 0,0,0,0,0,0,0,0,
145     IN      1       :       0x015e7a0000 - 0,0,0,0,0,0,0,0, 0,0,0,0,0,0,0,0, 0,0,0,0,0,0,0,0, 0,0,0,0,0,0,0,1, 0,1,0,1,1,1,1,0, 0,1,1,1,1,0,1,0, 0,0,0,0,0,0,0,0, 0,0,0,0,0,0,0,0,
146     IN      1       :       0x015e7c0000 - 0,0,0,0,0,0,0,0, 0,0,0,0,0,0,0,0, 0,0,0,0,0,0,0,0, 0,0,0,0,0,0,0,1, 0,1,0,1,1,1,1,0, 0,1,1,1,1,1,0,0, 0,0,0,0,0,0,0,0, 0,0,0,0,0,0,0,0,
145     IN      1       :       0x015cbc0000 - 0,0,0,0,0,0,0,0, 0,0,0,0,0,0,0,0, 0,0,0,0,0,0,0,0, 0,0,0,0,0,0,0,1, 0,1,0,1,1,1,0,0, 1,0,1,1,1,1,0,0, 0,0,0,0,0,0,0,0, 0,0,0,0,0,0,0,0,
143     IN      1       :       0x015d840000 - 0,0,0,0,0,0,0,0, 0,0,0,0,0,0,0,0, 0,0,0,0,0,0,0,0, 0,0,0,0,0,0,0,1, 0,1,0,1,1,1,0,1, 1,0,0,0,0,1,0,0, 0,0,0,0,0,0,0,0, 0,0,0,0,0,0,0,0,
144     IN      1       :       0x015d8a0000 - 0,0,0,0,0,0,0,0, 0,0,0,0,0,0,0,0, 0,0,0,0,0,0,0,0, 0,0,0,0,0,0,0,1, 0,1,0,1,1,1,0,1, 1,0,0,0,1,0,1,0, 0,0,0,0,0,0,0,0, 0,0,0,0,0,0,0,0,
144     IN      1       :       0x015d900000 - 0,0,0,0,0,0,0,0, 0,0,0,0,0,0,0,0, 0,0,0,0,0,0,0,0, 0,0,0,0,0,0,0,1, 0,1,0,1,1,1,0,1, 1,0,0,1,0,0,0,0, 0,0,0,0,0,0,0,0, 0,0,0,0,0,0,0,0,
144     IN      1       :       0x015bb00000 - 0,0,0,0,0,0,0,0, 0,0,0,0,0,0,0,0, 0,0,0,0,0,0,0,0, 0,0,0,0,0,0,0,1, 0,1,0,1,1,0,1,1, 1,0,1,1,0,0,0,0, 0,0,0,0,0,0,0,0, 0,0,0,0,0,0,0,0,
143     IN      1       :       0x015bb80000 - 0,0,0,0,0,0,0,0, 0,0,0,0,0,0,0,0, 0,0,0,0,0,0,0,0, 0,0,0,0,0,0,0,1, 0,1,0,1,1,0,1,1, 1,0,1,1,1,0,0,0, 0,0,0,0,0,0,0,0, 0,0,0,0,0,0,0,0,
144     IN      1       :       0x0158900000 - 0,0,0,0,0,0,0,0, 0,0,0,0,0,0,0,0, 0,0,0,0,0,0,0,0, 0,0,0,0,0,0,0,1, 0,1,0,1,1,0,0,0, 1,0,0,1,0,0,0,0, 0,0,0,0,0,0,0,0, 0,0,0,0,0,0,0,0,
144     IN      1       :       0x01589e0000 - 0,0,0,0,0,0,0,0, 0,0,0,0,0,0,0,0, 0,0,0,0,0,0,0,0, 0,0,0,0,0,0,0,1, 0,1,0,1,1,0,0,0, 1,0,0,1,1,1,1,0, 0,0,0,0,0,0,0,0, 0,0,0,0,0,0,0,0,
146     IN      1       :       0x0157a20000 - 0,0,0,0,0,0,0,0, 0,0,0,0,0,0,0,0, 0,0,0,0,0,0,0,0, 0,0,0,0,0,0,0,1, 0,1,0,1,0,1,1,1, 1,0,1,0,0,0,1,0, 0,0,0,0,0,0,0,0, 0,0,0,0,0,0,0,0,
143     IN      1       :       0x0157a40000 - 0,0,0,0,0,0,0,0, 0,0,0,0,0,0,0,0, 0,0,0,0,0,0,0,0, 0,0,0,0,0,0,0,1, 0,1,0,1,0,1,1,1, 1,0,1,0,0,1,0,0, 0,0,0,0,0,0,0,0, 0,0,0,0,0,0,0,0,
144     IN      1       :       0x0157ac0000 - 0,0,0,0,0,0,0,0, 0,0,0,0,0,0,0,0, 0,0,0,0,0,0,0,0, 0,0,0,0,0,0,0,1, 0,1,0,1,0,1,1,1, 1,0,1,0,1,1,0,0, 0,0,0,0,0,0,0,0, 0,0,0,0,0,0,0,0,
144     IN      1       :       0x0157b00000 - 0,0,0,0,0,0,0,0, 0,0,0,0,0,0,0,0, 0,0,0,0,0,0,0,0, 0,0,0,0,0,0,0,1, 0,1,0,1,0,1,1,1, 1,0,1,1,0,0,0,0, 0,0,0,0,0,0,0,0, 0,0,0,0,0,0,0,0,
144     IN      1       :       0x0157b60000 - 0,0,0,0,0,0,0,0, 0,0,0,0,0,0,0,0, 0,0,0,0,0,0,0,0, 0,0,0,0,0,0,0,1, 0,1,0,1,0,1,1,1, 1,0,1,1,0,1,1,0, 0,0,0,0,0,0,0,0, 0,0,0,0,0,0,0,0,
146     IN      1       :       0x0157be0000 - 0,0,0,0,0,0,0,0, 0,0,0,0,0,0,0,0, 0,0,0,0,0,0,0,0, 0,0,0,0,0,0,0,1, 0,1,0,1,0,1,1,1, 1,0,1,1,1,1,1,0, 0,0,0,0,0,0,0,0, 0,0,0,0,0,0,0,0,
143     IN      1       :       0x0157840000 - 0,0,0,0,0,0,0,0, 0,0,0,0,0,0,0,0, 0,0,0,0,0,0,0,0, 0,0,0,0,0,0,0,1, 0,1,0,1,0,1,1,1, 1,0,0,0,0,1,0,0, 0,0,0,0,0,0,0,0, 0,0,0,0,0,0,0,0,
147     IN      1       :       0x0157220000 - 0,0,0,0,0,0,0,0, 0,0,0,0,0,0,0,0, 0,0,0,0,0,0,0,0, 0,0,0,0,0,0,0,1, 0,1,0,1,0,1,1,1, 0,0,1,0,0,0,1,0, 0,0,0,0,0,0,0,0, 0,0,0,0,0,0,0,0,
146     IN      1       :       0x0157240000 - 0,0,0,0,0,0,0,0, 0,0,0,0,0,0,0,0, 0,0,0,0,0,0,0,0, 0,0,0,0,0,0,0,1, 0,1,0,1,0,1,1,1, 0,0,1,0,0,1,0,0, 0,0,0,0,0,0,0,0, 0,0,0,0,0,0,0,0,
145     IN      1       :       0x0156ea0000 - 0,0,0,0,0,0,0,0, 0,0,0,0,0,0,0,0, 0,0,0,0,0,0,0,0, 0,0,0,0,0,0,0,1, 0,1,0,1,0,1,1,0, 1,1,1,0,1,0,1,0, 0,0,0,0,0,0,0,0, 0,0,0,0,0,0,0,0,
145     IN      1       :       0x0156f60000 - 0,0,0,0,0,0,0,0, 0,0,0,0,0,0,0,0, 0,0,0,0,0,0,0,0, 0,0,0,0,0,0,0,1, 0,1,0,1,0,1,1,0, 1,1,1,1,0,1,1,0, 0,0,0,0,0,0,0,0, 0,0,0,0,0,0,0,0,
145     IN      1       :       0x0156fe0000 - 0,0,0,0,0,0,0,0, 0,0,0,0,0,0,0,0, 0,0,0,0,0,0,0,0, 0,0,0,0,0,0,0,1, 0,1,0,1,0,1,1,0, 1,1,1,1,1,1,1,0, 0,0,0,0,0,0,0,0, 0,0,0,0,0,0,0,0,
144     IN      1       :       0x0156200000 - 0,0,0,0,0,0,0,0, 0,0,0,0,0,0,0,0, 0,0,0,0,0,0,0,0, 0,0,0,0,0,0,0,1, 0,1,0,1,0,1,1,0, 0,0,1,0,0,0,0,0, 0,0,0,0,0,0,0,0, 0,0,0,0,0,0,0,0,
143     IN      1       :       0x0156280000 - 0,0,0,0,0,0,0,0, 0,0,0,0,0,0,0,0, 0,0,0,0,0,0,0,0, 0,0,0,0,0,0,0,1, 0,1,0,1,0,1,1,0, 0,0,1,0,1,0,0,0, 0,0,0,0,0,0,0,0, 0,0,0,0,0,0,0,0,
142     IN      1       :       0x01563a0000 - 0,0,0,0,0,0,0,0, 0,0,0,0,0,0,0,0, 0,0,0,0,0,0,0,0, 0,0,0,0,0,0,0,1, 0,1,0,1,0,1,1,0, 0,0,1,1,1,0,1,0, 0,0,0,0,0,0,0,0, 0,0,0,0,0,0,0,0,
146     IN      1       :       0x01563c0000 - 0,0,0,0,0,0,0,0, 0,0,0,0,0,0,0,0, 0,0,0,0,0,0,0,0, 0,0,0,0,0,0,0,1, 0,1,0,1,0,1,1,0, 0,0,1,1,1,1,0,0, 0,0,0,0,0,0,0,0, 0,0,0,0,0,0,0,0,
144     IN      1       :       0x0152e60000 - 0,0,0,0,0,0,0,0, 0,0,0,0,0,0,0,0, 0,0,0,0,0,0,0,0, 0,0,0,0,0,0,0,1, 0,1,0,1,0,0,1,0, 1,1,1,0,0,1,1,0, 0,0,0,0,0,0,0,0, 0,0,0,0,0,0,0,0,
144     IN      1       :       0x0152e80000 - 0,0,0,0,0,0,0,0, 0,0,0,0,0,0,0,0, 0,0,0,0,0,0,0,0, 0,0,0,0,0,0,0,1, 0,1,0,1,0,0,1,0, 1,1,1,0,1,0,0,0, 0,0,0,0,0,0,0,0, 0,0,0,0,0,0,0,0,
144     IN      1       :       0x0152f20000 - 0,0,0,0,0,0,0,0, 0,0,0,0,0,0,0,0, 0,0,0,0,0,0,0,0, 0,0,0,0,0,0,0,1, 0,1,0,1,0,0,1,0, 1,1,1,1,0,0,1,0, 0,0,0,0,0,0,0,0, 0,0,0,0,0,0,0,0,
144     IN      1       :       0x0152f40000 - 0,0,0,0,0,0,0,0, 0,0,0,0,0,0,0,0, 0,0,0,0,0,0,0,0, 0,0,0,0,0,0,0,1, 0,1,0,1,0,0,1,0, 1,1,1,1,0,1,0,0, 0,0,0,0,0,0,0,0, 0,0,0,0,0,0,0,0,
144     IN      1       :       0x0152fa0000 - 0,0,0,0,0,0,0,0, 0,0,0,0,0,0,0,0, 0,0,0,0,0,0,0,0, 0,0,0,0,0,0,0,1, 0,1,0,1,0,0,1,0, 1,1,1,1,1,0,1,0, 0,0,0,0,0,0,0,0, 0,0,0,0,0,0,0,0,
144     IN      1       :       0x0152c80000 - 0,0,0,0,0,0,0,0, 0,0,0,0,0,0,0,0, 0,0,0,0,0,0,0,0, 0,0,0,0,0,0,0,1, 0,1,0,1,0,0,1,0, 1,1,0,0,1,0,0,0, 0,0,0,0,0,0,0,0, 0,0,0,0,0,0,0,0,
144     IN      1       :       0x01337a0000 - 0,0,0,0,0,0,0,0, 0,0,0,0,0,0,0,0, 0,0,0,0,0,0,0,0, 0,0,0,0,0,0,0,1, 0,0,1,1,0,0,1,1, 0,1,1,1,1,0,1,0, 0,0,0,0,0,0,0,0, 0,0,0,0,0,0,0,0,
144     IN      1       :       0x01337c0000 - 0,0,0,0,0,0,0,0, 0,0,0,0,0,0,0,0, 0,0,0,0,0,0,0,0, 0,0,0,0,0,0,0,1, 0,0,1,1,0,0,1,1, 0,1,1,1,1,1,0,0, 0,0,0,0,0,0,0,0, 0,0,0,0,0,0,0,0,
144     IN      1       :       0x0134060000 - 0,0,0,0,0,0,0,0, 0,0,0,0,0,0,0,0, 0,0,0,0,0,0,0,0, 0,0,0,0,0,0,0,1, 0,0,1,1,0,1,0,0, 0,0,0,0,0,1,1,0, 0,0,0,0,0,0,0,0, 0,0,0,0,0,0,0,0,
144     IN      1       :       0x0134080000 - 0,0,0,0,0,0,0,0, 0,0,0,0,0,0,0,0, 0,0,0,0,0,0,0,0, 0,0,0,0,0,0,0,1, 0,0,1,1,0,1,0,0, 0,0,0,0,1,0,0,0, 0,0,0,0,0,0,0,0, 0,0,0,0,0,0,0,0,
144     IN      1       :       0x0134140000 - 0,0,0,0,0,0,0,0, 0,0,0,0,0,0,0,0, 0,0,0,0,0,0,0,0, 0,0,0,0,0,0,0,1, 0,0,1,1,0,1,0,0, 0,0,0,1,0,1,0,0, 0,0,0,0,0,0,0,0, 0,0,0,0,0,0,0,0,
145     IN      1       :       0x010da20000 - 0,0,0,0,0,0,0,0, 0,0,0,0,0,0,0,0, 0,0,0,0,0,0,0,0, 0,0,0,0,0,0,0,1, 0,0,0,0,1,1,0,1, 1,0,1,0,0,0,1,0, 0,0,0,0,0,0,0,0, 0,0,0,0,0,0,0,0,
144     IN      1       :       0x010da40000 - 0,0,0,0,0,0,0,0, 0,0,0,0,0,0,0,0, 0,0,0,0,0,0,0,0, 0,0,0,0,0,0,0,1, 0,0,0,0,1,1,0,1, 1,0,1,0,0,1,0,0, 0,0,0,0,0,0,0,0, 0,0,0,0,0,0,0,0,
143     IN      1       :       0x010daa0000 - 0,0,0,0,0,0,0,0, 0,0,0,0,0,0,0,0, 0,0,0,0,0,0,0,0, 0,0,0,0,0,0,0,1, 0,0,0,0,1,1,0,1, 1,0,1,0,1,0,1,0, 0,0,0,0,0,0,0,0, 0,0,0,0,0,0,0,0,
144     IN      1       :       0x010db60000 - 0,0,0,0,0,0,0,0, 0,0,0,0,0,0,0,0, 0,0,0,0,0,0,0,0, 0,0,0,0,0,0,0,1, 0,0,0,0,1,1,0,1, 1,0,1,1,0,1,1,0, 0,0,0,0,0,0,0,0, 0,0,0,0,0,0,0,0,
144     IN      1       :       0x010db80000 - 0,0,0,0,0,0,0,0, 0,0,0,0,0,0,0,0, 0,0,0,0,0,0,0,0, 0,0,0,0,0,0,0,1, 0,0,0,0,1,1,0,1, 1,0,1,1,1,0,0,0, 0,0,0,0,0,0,0,0, 0,0,0,0,0,0,0,0,
144     IN      1       :       0x010dbe0000 - 0,0,0,0,0,0,0,0, 0,0,0,0,0,0,0,0, 0,0,0,0,0,0,0,0, 0,0,0,0,0,0,0,1, 0,0,0,0,1,1,0,1, 1,0,1,1,1,1,1,0, 0,0,0,0,0,0,0,0, 0,0,0,0,0,0,0,0,
145     IN      1       :       0x010bc00000 - 0,0,0,0,0,0,0,0, 0,0,0,0,0,0,0,0, 0,0,0,0,0,0,0,0, 0,0,0,0,0,0,0,1, 0,0,0,0,1,0,1,1, 1,1,0,0,0,0,0,0, 0,0,0,0,0,0,0,0, 0,0,0,0,0,0,0,0,
144     IN      1       :       0x010bc80000 - 0,0,0,0,0,0,0,0, 0,0,0,0,0,0,0,0, 0,0,0,0,0,0,0,0, 0,0,0,0,0,0,0,1, 0,0,0,0,1,0,1,1, 1,1,0,0,1,0,0,0, 0,0,0,0,0,0,0,0, 0,0,0,0,0,0,0,0,
144     IN      1       :       0x010bce0000 - 0,0,0,0,0,0,0,0, 0,0,0,0,0,0,0,0, 0,0,0,0,0,0,0,0, 0,0,0,0,0,0,0,1, 0,0,0,0,1,0,1,1, 1,1,0,0,1,1,1,0, 0,0,0,0,0,0,0,0, 0,0,0,0,0,0,0,0,
144     IN      1       :       0x0104660000 - 0,0,0,0,0,0,0,0, 0,0,0,0,0,0,0,0, 0,0,0,0,0,0,0,0, 0,0,0,0,0,0,0,1, 0,0,0,0,0,1,0,0, 0,1,1,0,0,1,1,0, 0,0,0,0,0,0,0,0, 0,0,0,0,0,0,0,0,
144     IN      1       :       0x0104740000 - 0,0,0,0,0,0,0,0, 0,0,0,0,0,0,0,0, 0,0,0,0,0,0,0,0, 0,0,0,0,0,0,0,1, 0,0,0,0,0,1,0,0, 0,1,1,1,0,1,0,0, 0,0,0,0,0,0,0,0, 0,0,0,0,0,0,0,0,
144     IN      1       :       0x01047c0000 - 0,0,0,0,0,0,0,0, 0,0,0,0,0,0,0,0, 0,0,0,0,0,0,0,0, 0,0,0,0,0,0,0,1, 0,0,0,0,0,1,0,0, 0,1,1,1,1,1,0,0, 0,0,0,0,0,0,0,0, 0,0,0,0,0,0,0,0,
144     IN      1       :       0x015a200000 - 0,0,0,0,0,0,0,0, 0,0,0,0,0,0,0,0, 0,0,0,0,0,0,0,0, 0,0,0,0,0,0,0,1, 0,1,0,1,1,0,1,0, 0,0,1,0,0,0,0,0, 0,0,0,0,0,0,0,0, 0,0,0,0,0,0,0,0,
144     IN      1       :       0x015a260000 - 0,0,0,0,0,0,0,0, 0,0,0,0,0,0,0,0, 0,0,0,0,0,0,0,0, 0,0,0,0,0,0,0,1, 0,1,0,1,1,0,1,0, 0,0,1,0,0,1,1,0, 0,0,0,0,0,0,0,0, 0,0,0,0,0,0,0,0,
144     IN      1       :       0x01048c0000 - 0,0,0,0,0,0,0,0, 0,0,0,0,0,0,0,0, 0,0,0,0,0,0,0,0, 0,0,0,0,0,0,0,1, 0,0,0,0,0,1,0,0, 1,0,0,0,1,1,0,0, 0,0,0,0,0,0,0,0, 0,0,0,0,0,0,0,0,
144     IN      1       :       0x0104960000 - 0,0,0,0,0,0,0,0, 0,0,0,0,0,0,0,0, 0,0,0,0,0,0,0,0, 0,0,0,0,0,0,0,1, 0,0,0,0,0,1,0,0, 1,0,0,1,0,1,1,0, 0,0,0,0,0,0,0,0, 0,0,0,0,0,0,0,0,
144     IN      1       :       0x0104980000 - 0,0,0,0,0,0,0,0, 0,0,0,0,0,0,0,0, 0,0,0,0,0,0,0,0, 0,0,0,0,0,0,0,1, 0,0,0,0,0,1,0,0, 1,0,0,1,1,0,0,0, 0,0,0,0,0,0,0,0, 0,0,0,0,0,0,0,0,
144     IN      1       :       0x0105e40000 - 0,0,0,0,0,0,0,0, 0,0,0,0,0,0,0,0, 0,0,0,0,0,0,0,0, 0,0,0,0,0,0,0,1, 0,0,0,0,0,1,0,1, 1,1,1,0,0,1,0,0, 0,0,0,0,0,0,0,0, 0,0,0,0,0,0,0,0,
144     IN      1       :       0x0105ea0000 - 0,0,0,0,0,0,0,0, 0,0,0,0,0,0,0,0, 0,0,0,0,0,0,0,0, 0,0,0,0,0,0,0,1, 0,0,0,0,0,1,0,1, 1,1,1,0,1,0,1,0, 0,0,0,0,0,0,0,0, 0,0,0,0,0,0,0,0,
144     IN      1       :       0x0105fe0000 - 0,0,0,0,0,0,0,0, 0,0,0,0,0,0,0,0, 0,0,0,0,0,0,0,0, 0,0,0,0,0,0,0,1, 0,0,0,0,0,1,0,1, 1,1,1,1,1,1,1,0, 0,0,0,0,0,0,0,0, 0,0,0,0,0,0,0,0,
144     IN      1       :       0x0106ca0000 - 0,0,0,0,0,0,0,0, 0,0,0,0,0,0,0,0, 0,0,0,0,0,0,0,0, 0,0,0,0,0,0,0,1, 0,0,0,0,0,1,1,0, 1,1,0,0,1,0,1,0, 0,0,0,0,0,0,0,0, 0,0,0,0,0,0,0,0,
144     IN      1       :       0x0106cc0000 - 0,0,0,0,0,0,0,0, 0,0,0,0,0,0,0,0, 0,0,0,0,0,0,0,0, 0,0,0,0,0,0,0,1, 0,0,0,0,0,1,1,0, 1,1,0,0,1,1,0,0, 0,0,0,0,0,0,0,0, 0,0,0,0,0,0,0,0,
144     IN      1       :       0x0106d00000 - 0,0,0,0,0,0,0,0, 0,0,0,0,0,0,0,0, 0,0,0,0,0,0,0,0, 0,0,0,0,0,0,0,1, 0,0,0,0,0,1,1,0, 1,1,0,1,0,0,0,0, 0,0,0,0,0,0,0,0, 0,0,0,0,0,0,0,0,
144     IN      1       :       0x0115b60000 - 0,0,0,0,0,0,0,0, 0,0,0,0,0,0,0,0, 0,0,0,0,0,0,0,0, 0,0,0,0,0,0,0,1, 0,0,0,1,0,1,0,1, 1,0,1,1,0,1,1,0, 0,0,0,0,0,0,0,0, 0,0,0,0,0,0,0,0,
143     IN      1       :       0x0117800000 - 0,0,0,0,0,0,0,0, 0,0,0,0,0,0,0,0, 0,0,0,0,0,0,0,0, 0,0,0,0,0,0,0,1, 0,0,0,1,0,1,1,1, 1,0,0,0,0,0,0,0, 0,0,0,0,0,0,0,0, 0,0,0,0,0,0,0,0,
143     IN      1       :       0x0117860000 - 0,0,0,0,0,0,0,0, 0,0,0,0,0,0,0,0, 0,0,0,0,0,0,0,0, 0,0,0,0,0,0,0,1, 0,0,0,1,0,1,1,1, 1,0,0,0,0,1,1,0, 0,0,0,0,0,0,0,0, 0,0,0,0,0,0,0,0,
146     IN      1       :       0x01178e0000 - 0,0,0,0,0,0,0,0, 0,0,0,0,0,0,0,0, 0,0,0,0,0,0,0,0, 0,0,0,0,0,0,0,1, 0,0,0,1,0,1,1,1, 1,0,0,0,1,1,1,0, 0,0,0,0,0,0,0,0, 0,0,0,0,0,0,0,0,
146     IN      1       :       0x0117940000 - 0,0,0,0,0,0,0,0, 0,0,0,0,0,0,0,0, 0,0,0,0,0,0,0,0, 0,0,0,0,0,0,0,1, 0,0,0,1,0,1,1,1, 1,0,0,1,0,1,0,0, 0,0,0,0,0,0,0,0, 0,0,0,0,0,0,0,0,
145     IN      1       :       0x01179a0000 - 0,0,0,0,0,0,0,0, 0,0,0,0,0,0,0,0, 0,0,0,0,0,0,0,0, 0,0,0,0,0,0,0,1, 0,0,0,1,0,1,1,1, 1,0,0,1,1,0,1,0, 0,0,0,0,0,0,0,0, 0,0,0,0,0,0,0,0,
144     IN      1       :       0x0117200000 - 0,0,0,0,0,0,0,0, 0,0,0,0,0,0,0,0, 0,0,0,0,0,0,0,0, 0,0,0,0,0,0,0,1, 0,0,0,1,0,1,1,1, 0,0,1,0,0,0,0,0, 0,0,0,0,0,0,0,0, 0,0,0,0,0,0,0,0,
145     IN      1       :       0x0117280000 - 0,0,0,0,0,0,0,0, 0,0,0,0,0,0,0,0, 0,0,0,0,0,0,0,0, 0,0,0,0,0,0,0,1, 0,0,0,1,0,1,1,1, 0,0,1,0,1,0,0,0, 0,0,0,0,0,0,0,0, 0,0,0,0,0,0,0,0,
145     IN      1       :       0x0117320000 - 0,0,0,0,0,0,0,0, 0,0,0,0,0,0,0,0, 0,0,0,0,0,0,0,0, 0,0,0,0,0,0,0,1, 0,0,0,1,0,1,1,1, 0,0,1,1,0,0,1,0, 0,0,0,0,0,0,0,0, 0,0,0,0,0,0,0,0,
147     IN      1       :       0x0123000000 - 0,0,0,0,0,0,0,0, 0,0,0,0,0,0,0,0, 0,0,0,0,0,0,0,0, 0,0,0,0,0,0,0,1, 0,0,1,0,0,0,1,1, 0,0,0,0,0,0,0,0, 0,0,0,0,0,0,0,0, 0,0,0,0,0,0,0,0,
145     IN      1       :       0x0123080000 - 0,0,0,0,0,0,0,0, 0,0,0,0,0,0,0,0, 0,0,0,0,0,0,0,0, 0,0,0,0,0,0,0,1, 0,0,1,0,0,0,1,1, 0,0,0,0,1,0,0,0, 0,0,0,0,0,0,0,0, 0,0,0,0,0,0,0,0,
146     IN      1       :       0x01230e0000 - 0,0,0,0,0,0,0,0, 0,0,0,0,0,0,0,0, 0,0,0,0,0,0,0,0, 0,0,0,0,0,0,0,1, 0,0,1,0,0,0,1,1, 0,0,0,0,1,1,1,0, 0,0,0,0,0,0,0,0, 0,0,0,0,0,0,0,0,
143     IN      1       :       0x0123140000 - 0,0,0,0,0,0,0,0, 0,0,0,0,0,0,0,0, 0,0,0,0,0,0,0,0, 0,0,0,0,0,0,0,1, 0,0,1,0,0,0,1,1, 0,0,0,1,0,1,0,0, 0,0,0,0,0,0,0,0, 0,0,0,0,0,0,0,0,
145     IN      1       :       0x01231c0000 - 0,0,0,0,0,0,0,0, 0,0,0,0,0,0,0,0, 0,0,0,0,0,0,0,0, 0,0,0,0,0,0,0,1, 0,0,1,0,0,0,1,1, 0,0,0,1,1,1,0,0, 0,0,0,0,0,0,0,0, 0,0,0,0,0,0,0,0,
145     IN      1       :       0x0122900000 - 0,0,0,0,0,0,0,0, 0,0,0,0,0,0,0,0, 0,0,0,0,0,0,0,0, 0,0,0,0,0,0,0,1, 0,0,1,0,0,0,1,0, 1,0,0,1,0,0,0,0, 0,0,0,0,0,0,0,0, 0,0,0,0,0,0,0,0,
144     IN      1       :       0x0122960000 - 0,0,0,0,0,0,0,0, 0,0,0,0,0,0,0,0, 0,0,0,0,0,0,0,0, 0,0,0,0,0,0,0,1, 0,0,1,0,0,0,1,0, 1,0,0,1,0,1,1,0, 0,0,0,0,0,0,0,0, 0,0,0,0,0,0,0,0,
143     IN      1       :       0x0122980000 - 0,0,0,0,0,0,0,0, 0,0,0,0,0,0,0,0, 0,0,0,0,0,0,0,0, 0,0,0,0,0,0,0,1, 0,0,1,0,0,0,1,0, 1,0,0,1,1,0,0,0, 0,0,0,0,0,0,0,0, 0,0,0,0,0,0,0,0,
145     IN      1       :       0x0125a60000 - 0,0,0,0,0,0,0,0, 0,0,0,0,0,0,0,0, 0,0,0,0,0,0,0,0, 0,0,0,0,0,0,0,1, 0,0,1,0,0,1,0,1, 1,0,1,0,0,1,1,0, 0,0,0,0,0,0,0,0, 0,0,0,0,0,0,0,0,
145     IN      1       :       0x0125ae0000 - 0,0,0,0,0,0,0,0, 0,0,0,0,0,0,0,0, 0,0,0,0,0,0,0,0, 0,0,0,0,0,0,0,1, 0,0,1,0,0,1,0,1, 1,0,1,0,1,1,1,0, 0,0,0,0,0,0,0,0, 0,0,0,0,0,0,0,0,
144     IN      1       :       0x0127840000 - 0,0,0,0,0,0,0,0, 0,0,0,0,0,0,0,0, 0,0,0,0,0,0,0,0, 0,0,0,0,0,0,0,1, 0,0,1,0,0,1,1,1, 1,0,0,0,0,1,0,0, 0,0,0,0,0,0,0,0, 0,0,0,0,0,0,0,0,
144     IN      1       :       0x01278a0000 - 0,0,0,0,0,0,0,0, 0,0,0,0,0,0,0,0, 0,0,0,0,0,0,0,0, 0,0,0,0,0,0,0,1, 0,0,1,0,0,1,1,1, 1,0,0,0,1,0,1,0, 0,0,0,0,0,0,0,0, 0,0,0,0,0,0,0,0,
142     IN      1       :       0x01278c0000 - 0,0,0,0,0,0,0,0, 0,0,0,0,0,0,0,0, 0,0,0,0,0,0,0,0, 0,0,0,0,0,0,0,1, 0,0,1,0,0,1,1,1, 1,0,0,0,1,1,0,0, 0,0,0,0,0,0,0,0, 0,0,0,0,0,0,0,0,
144     IN      1       :       0x0127900000 - 0,0,0,0,0,0,0,0, 0,0,0,0,0,0,0,0, 0,0,0,0,0,0,0,0, 0,0,0,0,0,0,0,1, 0,0,1,0,0,1,1,1, 1,0,0,1,0,0,0,0, 0,0,0,0,0,0,0,0, 0,0,0,0,0,0,0,0,
145     IN      1       :       0x0129800000 - 0,0,0,0,0,0,0,0, 0,0,0,0,0,0,0,0, 0,0,0,0,0,0,0,0, 0,0,0,0,0,0,0,1, 0,0,1,0,1,0,0,1, 1,0,0,0,0,0,0,0, 0,0,0,0,0,0,0,0, 0,0,0,0,0,0,0,0,
142     IN      1       :       0x0129880000 - 0,0,0,0,0,0,0,0, 0,0,0,0,0,0,0,0, 0,0,0,0,0,0,0,0, 0,0,0,0,0,0,0,1, 0,0,1,0,1,0,0,1, 1,0,0,0,1,0,0,0, 0,0,0,0,0,0,0,0, 0,0,0,0,0,0,0,0,
144     IN      1       :       0x01299c0000 - 0,0,0,0,0,0,0,0, 0,0,0,0,0,0,0,0, 0,0,0,0,0,0,0,0, 0,0,0,0,0,0,0,1, 0,0,1,0,1,0,0,1, 1,0,0,1,1,1,0,0, 0,0,0,0,0,0,0,0, 0,0,0,0,0,0,0,0,
144     IN      1       :       0x0129440000 - 0,0,0,0,0,0,0,0, 0,0,0,0,0,0,0,0, 0,0,0,0,0,0,0,0, 0,0,0,0,0,0,0,1, 0,0,1,0,1,0,0,1, 0,1,0,0,0,1,0,0, 0,0,0,0,0,0,0,0, 0,0,0,0,0,0,0,0,
144     IN      1       :       0x012a940000 - 0,0,0,0,0,0,0,0, 0,0,0,0,0,0,0,0, 0,0,0,0,0,0,0,0, 0,0,0,0,0,0,0,1, 0,0,1,0,1,0,1,0, 1,0,0,1,0,1,0,0, 0,0,0,0,0,0,0,0, 0,0,0,0,0,0,0,0,
144     IN      1       :       0x012a9a0000 - 0,0,0,0,0,0,0,0, 0,0,0,0,0,0,0,0, 0,0,0,0,0,0,0,0, 0,0,0,0,0,0,0,1, 0,0,1,0,1,0,1,0, 1,0,0,1,1,0,1,0, 0,0,0,0,0,0,0,0, 0,0,0,0,0,0,0,0,
144     IN      1       :       0x012b040000 - 0,0,0,0,0,0,0,0, 0,0,0,0,0,0,0,0, 0,0,0,0,0,0,0,0, 0,0,0,0,0,0,0,1, 0,0,1,0,1,0,1,1, 0,0,0,0,0,1,0,0, 0,0,0,0,0,0,0,0, 0,0,0,0,0,0,0,0,
144     IN      1       :       0x012b180000 - 0,0,0,0,0,0,0,0, 0,0,0,0,0,0,0,0, 0,0,0,0,0,0,0,0, 0,0,0,0,0,0,0,1, 0,0,1,0,1,0,1,1, 0,0,0,1,1,0,0,0, 0,0,0,0,0,0,0,0, 0,0,0,0,0,0,0,0,
144     IN      1       :       0x012b1e0000 - 0,0,0,0,0,0,0,0, 0,0,0,0,0,0,0,0, 0,0,0,0,0,0,0,0, 0,0,0,0,0,0,0,1, 0,0,1,0,1,0,1,1, 0,0,0,1,1,1,1,0, 0,0,0,0,0,0,0,0, 0,0,0,0,0,0,0,0,
144     IN      1       :       0x012ca00000 - 0,0,0,0,0,0,0,0, 0,0,0,0,0,0,0,0, 0,0,0,0,0,0,0,0, 0,0,0,0,0,0,0,1, 0,0,1,0,1,1,0,0, 1,0,1,0,0,0,0,0, 0,0,0,0,0,0,0,0, 0,0,0,0,0,0,0,0,
144     IN      1       :       0x012ca60000 - 0,0,0,0,0,0,0,0, 0,0,0,0,0,0,0,0, 0,0,0,0,0,0,0,0, 0,0,0,0,0,0,0,1, 0,0,1,0,1,1,0,0, 1,0,1,0,0,1,1,0, 0,0,0,0,0,0,0,0, 0,0,0,0,0,0,0,0,
144     IN      1       :       0x012ca80000 - 0,0,0,0,0,0,0,0, 0,0,0,0,0,0,0,0, 0,0,0,0,0,0,0,0, 0,0,0,0,0,0,0,1, 0,0,1,0,1,1,0,0, 1,0,1,0,1,0,0,0, 0,0,0,0,0,0,0,0, 0,0,0,0,0,0,0,0,
144     IN      1       :       0x012cae0000 - 0,0,0,0,0,0,0,0, 0,0,0,0,0,0,0,0, 0,0,0,0,0,0,0,0, 0,0,0,0,0,0,0,1, 0,0,1,0,1,1,0,0, 1,0,1,0,1,1,1,0, 0,0,0,0,0,0,0,0, 0,0,0,0,0,0,0,0,
144     IN      1       :       0x012cbc0000 - 0,0,0,0,0,0,0,0, 0,0,0,0,0,0,0,0, 0,0,0,0,0,0,0,0, 0,0,0,0,0,0,0,1, 0,0,1,0,1,1,0,0, 1,0,1,1,1,1,0,0, 0,0,0,0,0,0,0,0, 0,0,0,0,0,0,0,0,
142     IN      1       :       0x012c120000 - 0,0,0,0,0,0,0,0, 0,0,0,0,0,0,0,0, 0,0,0,0,0,0,0,0, 0,0,0,0,0,0,0,1, 0,0,1,0,1,1,0,0, 0,0,0,1,0,0,1,0, 0,0,0,0,0,0,0,0, 0,0,0,0,0,0,0,0,
144     IN      1       :       0x012c1a0000 - 0,0,0,0,0,0,0,0, 0,0,0,0,0,0,0,0, 0,0,0,0,0,0,0,0, 0,0,0,0,0,0,0,1, 0,0,1,0,1,1,0,0, 0,0,0,1,1,0,1,0, 0,0,0,0,0,0,0,0, 0,0,0,0,0,0,0,0,
145     IN      1       :       0x012d600000 - 0,0,0,0,0,0,0,0, 0,0,0,0,0,0,0,0, 0,0,0,0,0,0,0,0, 0,0,0,0,0,0,0,1, 0,0,1,0,1,1,0,1, 0,1,1,0,0,0,0,0, 0,0,0,0,0,0,0,0, 0,0,0,0,0,0,0,0,
145     IN      1       :       0x012d680000 - 0,0,0,0,0,0,0,0, 0,0,0,0,0,0,0,0, 0,0,0,0,0,0,0,0, 0,0,0,0,0,0,0,1, 0,0,1,0,1,1,0,1, 0,1,1,0,1,0,0,0, 0,0,0,0,0,0,0,0, 0,0,0,0,0,0,0,0,
144     IN      1       :       0x012da40000 - 0,0,0,0,0,0,0,0, 0,0,0,0,0,0,0,0, 0,0,0,0,0,0,0,0, 0,0,0,0,0,0,0,1, 0,0,1,0,1,1,0,1, 1,0,1,0,0,1,0,0, 0,0,0,0,0,0,0,0, 0,0,0,0,0,0,0,0,
144     IN      1       :       0x012db60000 - 0,0,0,0,0,0,0,0, 0,0,0,0,0,0,0,0, 0,0,0,0,0,0,0,0, 0,0,0,0,0,0,0,1, 0,0,1,0,1,1,0,1, 1,0,1,1,0,1,1,0, 0,0,0,0,0,0,0,0, 0,0,0,0,0,0,0,0,
144     IN      1       :       0x012d240000 - 0,0,0,0,0,0,0,0, 0,0,0,0,0,0,0,0, 0,0,0,0,0,0,0,0, 0,0,0,0,0,0,0,1, 0,0,1,0,1,1,0,1, 0,0,1,0,0,1,0,0, 0,0,0,0,0,0,0,0, 0,0,0,0,0,0,0,0,
144     IN      1       :       0x012d300000 - 0,0,0,0,0,0,0,0, 0,0,0,0,0,0,0,0, 0,0,0,0,0,0,0,0, 0,0,0,0,0,0,0,1, 0,0,1,0,1,1,0,1, 0,0,1,1,0,0,0,0, 0,0,0,0,0,0,0,0, 0,0,0,0,0,0,0,0,
144     IN      1       :       0x012d3e0000 - 0,0,0,0,0,0,0,0, 0,0,0,0,0,0,0,0, 0,0,0,0,0,0,0,0, 0,0,0,0,0,0,0,1, 0,0,1,0,1,1,0,1, 0,0,1,1,1,1,1,0, 0,0,0,0,0,0,0,0, 0,0,0,0,0,0,0,0,
145     IN      1       :       0x0004000000 - 0,0,0,0,0,0,0,0, 0,0,0,0,0,0,0,0, 0,0,0,0,0,0,0,0, 0,0,0,0,0,0,0,0, 0,0,0,0,0,1,0,0, 0,0,0,0,0,0,0,0, 0,0,0,0,0,0,0,0, 0,0,0,0,0,0,0,0,
144     IN      1       :       0x00041c0000 - 0,0,0,0,0,0,0,0, 0,0,0,0,0,0,0,0, 0,0,0,0,0,0,0,0, 0,0,0,0,0,0,0,0, 0,0,0,0,0,1,0,0, 0,0,0,1,1,1,0,0, 0,0,0,0,0,0,0,0, 0,0,0,0,0,0,0,0,
143     IN      1       :       0x01020a0000 - 0,0,0,0,0,0,0,0, 0,0,0,0,0,0,0,0, 0,0,0,0,0,0,0,0, 0,0,0,0,0,0,0,1, 0,0,0,0,0,0,1,0, 0,0,0,0,1,0,1,0, 0,0,0,0,0,0,0,0, 0,0,0,0,0,0,0,0,
144     IN      1       :       0x0102100000 - 0,0,0,0,0,0,0,0, 0,0,0,0,0,0,0,0, 0,0,0,0,0,0,0,0, 0,0,0,0,0,0,0,1, 0,0,0,0,0,0,1,0, 0,0,0,1,0,0,0,0, 0,0,0,0,0,0,0,0, 0,0,0,0,0,0,0,0,
144     IN      1       :       0x0102160000 - 0,0,0,0,0,0,0,0, 0,0,0,0,0,0,0,0, 0,0,0,0,0,0,0,0, 0,0,0,0,0,0,0,1, 0,0,0,0,0,0,1,0, 0,0,0,1,0,1,1,0, 0,0,0,0,0,0,0,0, 0,0,0,0,0,0,0,0,
144     IN      1       :       0x0102180000 - 0,0,0,0,0,0,0,0, 0,0,0,0,0,0,0,0, 0,0,0,0,0,0,0,0, 0,0,0,0,0,0,0,1, 0,0,0,0,0,0,1,0, 0,0,0,1,1,0,0,0, 0,0,0,0,0,0,0,0, 0,0,0,0,0,0,0,0,
144     IN      1       :       0x0100940000 - 0,0,0,0,0,0,0,0, 0,0,0,0,0,0,0,0, 0,0,0,0,0,0,0,0, 0,0,0,0,0,0,0,1, 0,0,0,0,0,0,0,0, 1,0,0,1,0,1,0,0, 0,0,0,0,0,0,0,0, 0,0,0,0,0,0,0,0,
144     IN      1       :       0x0103560000 - 0,0,0,0,0,0,0,0, 0,0,0,0,0,0,0,0, 0,0,0,0,0,0,0,0, 0,0,0,0,0,0,0,1, 0,0,0,0,0,0,1,1, 0,1,0,1,0,1,1,0, 0,0,0,0,0,0,0,0, 0,0,0,0,0,0,0,0,
142     IN      1       :       0x0102e00000 - 0,0,0,0,0,0,0,0, 0,0,0,0,0,0,0,0, 0,0,0,0,0,0,0,0, 0,0,0,0,0,0,0,1, 0,0,0,0,0,0,1,0, 1,1,1,0,0,0,0,0, 0,0,0,0,0,0,0,0, 0,0,0,0,0,0,0,0,
144     IN      1       :       0x0102e60000 - 0,0,0,0,0,0,0,0, 0,0,0,0,0,0,0,0, 0,0,0,0,0,0,0,0, 0,0,0,0,0,0,0,1, 0,0,0,0,0,0,1,0, 1,1,1,0,0,1,1,0, 0,0,0,0,0,0,0,0, 0,0,0,0,0,0,0,0,
144     IN      1       :       0x0102e80000 - 0,0,0,0,0,0,0,0, 0,0,0,0,0,0,0,0, 0,0,0,0,0,0,0,0, 0,0,0,0,0,0,0,1, 0,0,0,0,0,0,1,0, 1,1,1,0,1,0,0,0, 0,0,0,0,0,0,0,0, 0,0,0,0,0,0,0,0
